<!DOCTYPE HTML PUBLIC "-//W3C//DTD HTML 4.01 Transitional//EN">
<HTML>
 <HEAD>
   <TITLE> [osg-users] issue with 3ds model after upgrading to 3.5.5
   </TITLE>
   <LINK REL="Index" HREF="index.html" >
   <LINK REL="made" HREF="mailto:osg-users%40lists.openscenegraph.org?Subject=Re%3A%20%5Bosg-users%5D%20issue%20with%203ds%20model%20after%20upgrading%20to%203.5.5&In-Reply-To=%3C1486739847.m2f.70146%40forum.openscenegraph.org%3E">
   <META NAME="robots" CONTENT="index,nofollow">
   <style type="text/css">
       pre {
           white-space: pre-wrap;       /* css-2.1, curent FF, Opera, Safari */
           }
   </style>
   <LINK REL="Previous"  HREF="005515.html">
   <LINK REL="Next"  HREF="005715.html">
 </HEAD>
 <BODY BGCOLOR="#ffffff">
   <H1>[osg-users] issue with 3ds model after upgrading to 3.5.5</H1>
<!--htdig_noindex-->
    <B>Philippe Renon</B> 
    <A HREF="mailto:osg-users%40lists.openscenegraph.org?Subject=Re%3A%20%5Bosg-users%5D%20issue%20with%203ds%20model%20after%20upgrading%20to%203.5.5&In-Reply-To=%3C1486739847.m2f.70146%40forum.openscenegraph.org%3E"
       TITLE="[osg-users] issue with 3ds model after upgrading to 3.5.5">philippe_renon at yahoo.fr
       </A><BR>
    <I>Fri Feb 10 07:17:27 PST 2017</I>
    <P><UL>
        <LI>Previous message: <A HREF="005515.html">[osg-users] issue with 3ds model after upgrading to 3.5.5
</A></li>
        <LI>Next message: <A HREF="005715.html">[osg-users] issue with 3ds model after upgrading to 3.5.5
</A></li>
         <LI> <B>Messages sorted by:</B> 
              <a href="date.html#5520">[ date ]</a>
              <a href="thread.html#5520">[ thread ]</a>
              <a href="subject.html#5520">[ subject ]</a>
              <a href="author.html#5520">[ author ]</a>
         </LI>
       </UL>
    <HR>  
<!--/htdig_noindex-->
<!--beginarticle-->
<PRE>@mrchlblng the patch did not help unfortunately.

I enabled debug output:



NODE TRAVERSAL of 3ds file MAXSCENE
  node name [frame]
  node id    0
  node parent id -1
  node matrix:
    0.707107 -0.707107 -8.55878e-008 0
    -3.10363e-007 -4.03967e-007 1 0
    -0.707107 -0.707107 -5.0074e-007 0
    -1.43626e-005 2.62648e-006 -1.14441e-005 1
  mesh instance data:
    objectdata instance []
    pivot     -7.62939e-006 -1.12145e-005 -5.65686
    pos       -1.43626e-005 2.62648e-006 -1.14441e-005
    scl       1 1 1
    rot       0.653282 -0.270598 -0.270598 0.653281
  user data
  node name [prop4]
  node id    0
  node parent id -1
  node matrix:
    -0.999999 1.0411e-006 0 0
    -1.0411e-006 -1 0 0
    0 0 1 0
    -141.421 -141.421 34.447 1
  mesh instance data:
    objectdata instance []
    pivot     -0.0707169 0.0809479 3.39106
    pos       -141.421 -141.421 34.447
    scl       0.999999 1 1
    rot       -0 -0 -1 -5.20549e-007
  user data
  node name [prop3]
  node id    0
  node parent id -1
  node matrix:
    -1.01152e-006 -1 0 0
    0.999999 -1.01152e-006 0 0
    0 0 1 0
    141.421 -141.421 34.447 1
  mesh instance data:
    objectdata instance []
    pivot     -0.0707169 0.0809479 3.39106
    pos       141.421 -141.421 34.447
    scl       1 0.999999 1
    rot       -0 -0 -0.707107 0.707106
  user data
  node name [prop2]
  node id    0
  node parent id -1
  node matrix:
    1 0 0 0
    0 1 0 0
    0 0 1 0
    141.421 141.421 34.447 1
  mesh instance data:
    objectdata instance []
    pivot     -0.0707169 0.0809479 3.39106
    pos       141.421 141.421 34.447
    scl       1 1 1
    rot       0 0 0 1
  user data
  node name [prop1]
  node id    0
  node parent id -1
  node matrix:
    1.77017e-006 1 0 0
    -1 1.77017e-006 0 0
    0 0 1 0
    -141.421 141.421 34.447 1
  mesh instance data:
    objectdata instance []
    pivot     -0.0707169 0.0809479 3.39106
    pos       -141.421 141.421 34.447
    scl       1 1 1
    rot       -0 -0 0.707106 0.707107
  user data
MESH TRAVERSAL of 3ds file MAXSCENE
  mesh name frame
  0.707107 -0.707107 0 0
  -2.8379e-007 -2.8379e-007 1 0
  -0.707107 -0.707107 -4.01339e-007 0
  -1.43626e-005 2.62648e-006 -1.14441e-005 1
  mesh name prop4
  -1 1.40071e-006 0 0
  -5.06639e-007 -1 0 0
  0 0 1 0
  -141.421 -141.421 34.447 1
  mesh name prop3
  -1.49012e-006 -1 0 0
  1 -5.36442e-007 0 0
  0 0 1 0
  141.421 -141.421 34.447 1
  mesh name prop2
  1 -5.36442e-007 0 0
  -2.38419e-007 1 0 0
  0 0 1 0
  141.421 141.421 34.447 1
  mesh name prop1
  1.93715e-006 1 0 0
  -1 1.10269e-006 0 0
  0 0 1 0
  -141.421 141.421 34.447 1
[/code]

------------------
Read this topic online here:
<A HREF="http://forum.openscenegraph.org/viewtopic.php?p=70146#70146">http://forum.openscenegraph.org/viewtopic.php?p=70146#70146</A>






</PRE>

<!--endarticle-->
<!--htdig_noindex-->
    <HR>
    <P><UL>
        <!--threads-->
	<LI>Previous message: <A HREF="005515.html">[osg-users] issue with 3ds model after upgrading to 3.5.5
</A></li>
	<LI>Next message: <A HREF="005715.html">[osg-users] issue with 3ds model after upgrading to 3.5.5
</A></li>
         <LI> <B>Messages sorted by:</B> 
              <a href="date.html#5520">[ date ]</a>
              <a href="thread.html#5520">[ thread ]</a>
              <a href="subject.html#5520">[ subject ]</a>
              <a href="author.html#5520">[ author ]</a>
         </LI>
       </UL>

<hr>
<a href="../../../listinfo.cgi/osg-users-openscenegraph.html">More information about the osg-users
mailing list</a><br>
<!--/htdig_noindex-->
</body></html>
